1 0.8 0.4 0.996078431372549 WM-right-fasciculus-gracilis
2 0.5686274509803921 0.9882352941176471 0.0 WM-left-fasciculus-cuneatus
3 0.5686274766921997 0.9882352948188782 0.0 WM-right-fasciculus-cuneatus
4 1.0 0.0 0.6470588235294118 WM-left-lateral-corticospinal-tract
5 1.0 0.0 0.6470588235294118 WM-right-lateral-corticospinal-tract
6 0.44313725490196076 0.2549019607843137 0.10980392156862745 WM-left-ventral-spinocerebellar-tract
7 0.44313725490196076 0.2549019607843137 0.10980392156862745 WM-right-ventral-spinocerebellar-tract
8 0.3254901960784314 0.0 0.0 WM-left-rubrospinal-tract
9 0.3254901960784314 0.0 0.0 WM-right-rubrospinal-tract
10 0.0 0.5568627450980392 0.0 WM-left-lateral-reticulospinal-tract
11 0.0 0.5568627450980392 0.0 WM-right-lateral-reticulospinal-tract
12 1.0 0.0 0.1450980392156863 WM-left-spinal-lemniscus-(spinothalamic-and-spinoreticular-tracts)
13 1.0 0.0 0.1450980392156863 WM-right-spinal-lemniscus-(spinothalamic-and-spinoreticular-tracts)
14 0.5 0.5 0.0 WM-left-spino-olivary-tract
15 0.5 0.5 0.0 WM-right-spino-olivary-tract
16 0.0 0.5019607843137255 0.5019607843137255 WM-left-ventrolateral-reticulospinal-tract
17 0.0 0.5019607843137255 0.5019607843137255 WM-right-ventrolateral-reticulospinal-tract
18 0.5019607843137255 0.0 0.5019607843137255 WM-left-lateral-vestibulospinal-tract
19 0.5019607843137255 0.0 0.5019607843137255 WM-right-lateral-vestibulospinal-tract
20 1.0 0.5019607843137255 0.0 WM-left-ventral-reticulospinal-tract
21 1.0 0.5019607843137255 0.0 WM-right-ventral-reticulospinal-tract
22 0.9921568627450981 0.8 0.396078431372549 WM-left-ventral-corticospinal-tract
23 0.9921568632125854 0.800000011920929 0.3960784375667572 WM-right-ventral-corticospinal-tract
24 0.0 0.0 0.49803921580314636 WM-left-tectospinal-tract
25 0.0 0.0 0.49803921580314636 WM-right-tectospinal-tract
26 0.9019607843137255 0.7843137254901961 0.8980392156862745 WM-left-medial-reticulospinal-tract
27 0.9019607843137255 0.7843137254901961 0.8980392156862745 WM-right-medial-reticulospinal-tract
28 0.6980392156862745 0.9019607843137255 0.8980392156862745 WM-left-medial-longitudinal-fasciculus
29 0.6980392156862745 0.9019607843137255 0.8980392156862745 WM-right-medial-longitudinal-fasciculus
32 1.0 0.25098039215686274 0.996078431372549 GM-left-dorsal-intermediate-zone
33 1.0 0.25098039215686274 0.996078431372549 GM-right-dorsal-intermediate-zone
34 0.0 0.0 0.9568627450980393 GM-left-reticular-formation
35 0.0 0.0 0.9568627450980393 GM-right-reticular-formation
39 0.8 0.4 0.996078431372549 WM-left-fasciculus-gracilis
40 0.8313725490196079 0.984313725490196 0.4745098039215686 GM-right-lateral-ventral-horn
41 0.0 0.5607843137254902 0.3176470588235294 GM-right-medial-ventral-horn
42 0.00784313725490196 0.9725490196078431 0.0 GM-right-central-ventral-horn
43 0.0 0.5607843137254902 0.3176470588235294 GM-left-medial-ventral-horn
44 0.8313725490196079 0.984313725490196 0.4745098039215686 GM-left-lateral-ventral-horn
45 0.00784313725490196 0.9725490196078431 0.0 GM-left-central-ventral-horn
46 0.06274509803921569 0.5019607843137255 0.996078431372549 GM-left-dorsomarginal-nucleus
47 0.06274509803921569 0.5019607843137255 0.996078431372549 GM-right-dorsomarginal-nucleus
51 0.5803921568627451 0.21568627450980393 1.0 GM-right-ventral-intermediate-zone
52 0.12549019607843137 0.996078431372549 0.996078431372549 GM-right-fasciculus-dorsolateralis
53 0.5803921568627451 0.21568627450980393 1.0 GM-left-ventral-intermediate-zone
54 0.12549019607843137 0.996078431372549 0.996078431372549 GM-left-fasciculus-dorsolateralis
72 1.0 1.0 1.0 CSF
74 1.0 0.5764705882352941 0.0 central-zone
76 1.0 0.14901960784313725 0.0 anterior-fissure
100 1.0 1.0 0.03921568766236305 septum
